cst1,0,1,1,-2,0; 
cst2,0,2,2,-2,0; 
cst3,0,3,3,-2,0; 
csta,0,97,4,-3,0; 
cstb,0,98,5,-3,0; 
cstc,0,99,6,-3,0; 
g_a,1,-1,7,-1,0; 
g_b,1,-1,8,-1,0; 
g_arr,1,-1,2056,2048,0; 
g_stra,1,-2,3080,1024,0; 
g_strb,1,-2,5128,2048,0; 
const_define,2,0,5129,0,0;label0 
a,0,1,5130,-2,0; 
b,0,0,5131,-2,0; 
c,0,-1,5132,-2,0; 
cst23,0,120,5133,-3,0; 
cst24,0,122,5134,-3,0; 
constA0,0,65,5135,-3,0; 
cstA1,0,49,5136,-3,0; 
cst_div,0,47,5137,-3,0; 
const_define_test,2,0,5138,0,0;label1 
var_define,2,0,5139,0,0;label2 
a,1,-1,5140,-1,0; 
arr,1,-1,5141,1,0; 
_a,1,-1,5142,-1,0; 
_arr,1,-1,5144,2,0; 
a1,1,-1,5145,-1,0; 
arr1,1,-1,5148,3,0; 
b,1,-2,5149,-1,0; 
strb,1,-2,5150,1,0; 
_b,1,-2,5151,-1,0; 
_bstr,1,-2,5153,2,0; 
_b1,1,-2,5154,-1,0; 
_bstr1,1,-2,5157,3,0; 
c,1,-1,5158,-1,0; 
z,1,-2,5159,-1,0; 
var_define_test,2,0,5160,0,0;label3 
define,2,0,5161,0,0;label4 
int1,0,1,5162,-2,0; 
cst24,0,122,5163,-3,0; 
constA0,0,65,5164,-3,0; 
val1,1,-1,5165,-1,0; 
b,1,-2,5166,-1,0; 
strb,1,-2,5167,1,0; 
define_test,2,0,5168,0,0;label5 
operator,2,0,5169,0,0;label6 
a,1,-1,5170,-1,0; 
b,1,-1,5171,-1,0; 
c,1,-1,5172,-1,0; 
d,1,-1,5173,-1,0; 
e,1,-1,5174,-1,0; 
f,1,-1,5175,-1,0; 
operator_test,2,0,5176,0,0;label7 
string,2,0,5177,0,0;label8 
string_test,2,0,5178,0,0;label9 
dowhile,2,0,5179,0,0;label10 
i,1,-1,5180,-1,0; 
dowhile_test,2,0,5181,0,0;label11 
ifcondition,2,0,5182,0,0;label12 
a,1,-1,5183,-1,0; 
rightnumber,1,-1,5184,-1,0; 
x,1,-1,5186,-1,0; 
switchcodintionans,2,1,5186,1,0;label29 
switchcodintion,2,1,5187,0,0;label35 
i,1,-1,5188,-1,0; 
rightnumber,1,-1,5189,-1,0; 
condition,2,0,5190,0,0;label45 
intermax,0,5,5191,-2,0; 
iter,1,-1,5192,-1,0; 
condition_test,2,0,5193,0,0;label60 
miscellaneous,2,0,5194,0,0;label61 
_,1,-1,5195,-1,0; 
a,1,-1,5196,-1,0; 
array,1,-1,5219,23,0; 
i,1,-1,5220,-1,0; 
endid,1,-1,5221,-1,0; 
ch1,1,-2,5222,-1,0; 
buf,1,-2,5478,256,0; 
miscellaneous_test,2,0,5479,0,0;label70 
n,1,-1,5481,-1,0; 
fibonaci,2,1,5481,1,0;label71 
fibonaci_test,2,0,5482,0,0;label77 
n,1,-1,5483,-1,0; 
n,1,-1,5485,-1,0; 
m,1,-1,5486,-1,0; 
mod,2,1,5486,2,0;label85 
n,1,-1,5488,-1,0; 
m,1,-1,5489,-1,0; 
gcd,2,1,5489,2,0;label86 
rem,1,-1,5490,-1,0; 
n,1,-1,5492,-1,0; 
m,1,-1,5493,-1,0; 
isWrongGcd,2,1,5493,2,0;label91 
gcd_test,2,0,5494,0,0;label96 
n,1,-1,5495,-1,0; 
m,1,-1,5496,-1,0; 
x,1,-1,5498,-1,0; 
is_prime,2,1,5498,1,0;label102 
i,1,-1,5499,-1,0; 
n,1,-1,5501,-1,0; 
prime_factorization,2,0,5501,1,0;label110 
i,1,-1,5502,-1,0; 
first,1,-1,5503,-1,0; 
prime_factorization_test,2,0,5504,0,0;label129 
n,1,-1,5505,-1,0; 
A,1,-2,5507,-1,0; 
iswrong,2,1,5507,1,0;label135 
kind,1,-2,5508,-1,0; 
main,2,0,5509,0,0; 
